00040006120160304001025
00040006220160301000746
00040006220160301000747
00040006220160301000748
00040006220160301000749
00040006220160301000750
00040006220160301000751
00040006220160301000752
00040006220160301000753
00040006220160301000754
00040006220160301000755
00040006220160301000756
00040006220160301000757
00040006220160301000758
00040006220160301000759
00040006220160301000760
00040006220160301000761
00040006220160301000762
00040006220160301000763
00040006220160301000764
00040006220160301000765
00040006220160301000766
00040006220160301000767
00040006220160301000768
00040006220160301000769
00040006220160301000770
00040006220160301000771
00040006220160301000772
00040006220160301000773
00040006220160301000774
00040006220160301000775
00040006220160301000776
00040006220160301000777
00040006220160301000778
00040006220160301000779
00040006220160301000780
00040006220160301000781
00040006220160301000783
00040006220160301000784
00040006220160301000785
00040006220160301000786
00040006220160301000787
00040006220160301000788
00040006220160301000789
00040006220160301000790
00040006220160301000791
00040006220160301000792
00040006220160301000794
00040006220160301000795
00040006220160301000796
00040006220160301000797
00040006220160301000798
00040006220160301000799
00040006220160301000800
00040006220160301000801
00040006220160301000802
00040006220160301000803
00040006220160302000804
00040006220160302000805
00040006220160302000806
00040006220160302000807
00040006220160302000808
00040006220160302000809
00040006220160302000810
00040006220160302000811
00040006220160302000812
00040006220160302000813
00040006220160302000814
00040006220160302000815
00040006220160302000816
00040006220160302000817
00040006220160302000818
00040006220160302000819
00040006220160302000820
00040006220160302000821
00040006220160302000822
00040006220160302000823
00040006220160302000824
00040006220160302000825
00040006220160302000826
00040006220160302000827
00040006220160302000828
00040006220160302000829
00040006220160302000830
00040006220160302000831
00040006220160302000832
00040006220160302000833
00040006220160302000834
00040006220160302000835
00040006220160302000836
00040006220160302000837
00040006220160302000838
00040006220160302000839
00040006220160302000840
00040006220160302000841
00040006220160302000842
00040006220160302000843
00040006220160302000844
00040006220160302000845
00040006220160302000846
00040006220160302000847
00040006220160302000848
00040006220160302000849
00040006220160302000850
00040006220160302000851
00040006220160302000852
00040006220160302000853
00040006220160302000854
00040006220160302000855
00040006220160302000856
00040006220160302000857
00040006220160302000858
00040006220160302000859
00040006220160302000860
00040006220160302000861
00040006220160302000862
00040006220160302000863
00040006220160302000864
00040006220160302000865
00040006220160302000866
00040006220160302000867
00040006220160302000869
00040006220160302000870
00040006220160302000871
00040006220160302000872
00040006220160302000873
00040006220160302000874
00040006220160302000875
00040006220160302000876
00040006220160302000877
00040006220160302000878
00040006220160302000879
00040006220160302000880
00040006220160302000881
00040006220160302000882
00040006220160302000883
00040006220160302000884
00040006220160302000885
00040006220160302000886
00040006220160302000887
00040006220160303000888
00040006220160303000889
00040006220160303000890
00040006220160303000891
00040006220160303000892
00040006220160303000893
00040006220160303000894
00040006220160303000895
00040006220160303000896
00040006220160303000897
00040006220160303000898
00040006220160303000899
00040006220160303000900
00040006220160303000901
00040006220160303000902
00040006220160303000903
00040006220160303000904
00040006220160303000905
00040006220160303000906
00040006220160303000907
00040006220160303000908
00040006220160303000909
00040006220160303000910
00040006220160303000911
00040006220160303000912
00040006220160303000913
00040006220160303000914
00040006220160303000915
00040006220160303000916
00040006220160303000917
00040006220160303000918
00040006220160303000919
00040006220160303000920
00040006220160303000921
00040006220160303000922
00040006220160303000923
00040006220160303000924
00040006220160303000925
00040006220160303000926
00040006220160303000927
00040006220160303000928
00040006220160303000929
00040006220160303000929_TH
00040006220160303000930
00040006220160303000931
00040006220160303000932
00040006220160303000933
00040006220160303000934
00040006220160303000935
00040006220160303000936
00040006220160303000937
00040006220160303000938
00040006220160303000939
00040006220160303000940
00040006220160303000941
00040006220160303000943
00040006220160303000944
00040006220160303000944_TH
00040006220160303000945
00040006220160303000946
00040006220160303000947
00040006220160303000948
00040006220160303000949
00040006220160303000950
00040006220160303000951
00040006220160303000952
00040006220160303000953
00040006220160303000954
00040006220160303000955
00040006220160303000956
00040006220160303000957
00040006220160303000958
00040006220160303000959
00040006220160303000960
00040006220160303000961
00040006220160303000962
00040006220160303000963
00040006220160303000964
00040006220160303000966
00040006220160303000967
00040006220160303000968
00040006220160303000969
00040006220160303000970
00040006220160303000971
00040006220160303000972
00040006220160303000973
00040006220160304000974
00040006220160304000975
00040006220160304000976
00040006220160304000977
00040006220160304000978
00040006220160304000979
00040006220160304000980
00040006220160304000981
00040006220160304000982
00040006220160304000983
00040006220160304000984
00040006220160304000985
00040006220160304000986
00040006220160304000987
00040006220160304000988
00040006220160304000989
00040006220160304000990
00040006220160304000991
00040006220160304000992
00040006220160304000993
00040006220160304000994
00040006220160304000995
00040006220160304000996
00040006220160304000997
00040006220160304000998
00040006220160304000999
00040006220160304001000
00040006220160304001001
00040006220160304001002
00040006220160304001003
00040006220160304001004
00040006220160304001005
00040006220160304001006
00040006220160304001007
00040006220160304001008
00040006220160304001009
00040006220160304001010
00040006220160304001011
00040006220160304001011_TH
00040006220160304001012
00040006220160304001013
00040006220160304001014
00040006220160304001015
00040006220160304001016
00040006220160304001017
00040006220160304001018
00040006220160304001019
00040006220160304001020
00040006220160304001021
00040006220160304001022
00040006220160304001023
00040006220160304001024
00040006220160304001026
00040006220160304001027
00040006220160304001028
00040006220160304001029
00040006220160304001030
00040006220160304001031
00040006220160304001032
00040006220160304001033
00040006220160304001034
00040006220160304001035
00040006220160304001036
00040006220160304001037
00040006220160304001038
00040006220160304001039
00040006220160304001040
00040006220160304001041
00040006220160304001042
00040006220160304001043
00040006220160304001044
00040006220160304001045
00040006220160304001046
00040006220160304001047
00040006220160304001048
00040006220160304001049
00040006220160304001050
00040006220160304001051
00040006220160304001052
00040006220160304001053
00040006220160304001054
00040006220160304001055
00040006220160304001056
00040006220160304001057
00040006220160304001058
00040006220160304001059
00040006220160304001060
00040006220160304001061
00040006220160304001062
00040006220160304001063
00040006220160304001064
00040006220160304001065
00040006220160304001066
00040006220160304001067
00040006220160304001068
00040006220160304001069
00040006220160304001070
00040006220160304001071
00040006220160304001072
00040006220160304001073
00040006220160305001074
00040006220160305001075
00040006220160305001076
00040006220160305001077
00040006220160305001078
00040006220160305001079
00040006220160305001080
00040006220160305001081
00040006220160305001082
00040006220160305001083
00040006220160305001084
00040006220160305001085
00040006220160305001086
00040006220160305001087
00040006220160305001088
00040006220160305001089
00040006220160305001090
00040006220160305001091
00040006220160305001092
00040006220160305001093
00040006220160305001094
00040006220160305001095
00040006220160305001096
00040006220160305001097
00040006220160305001098
00040006220160305001099
00040006220160305001100
00040006220160305001101
00040006220160305001102
00040006220160305001103
00040006220160305001104
00040006220160305001105
00040006220160305001106
00040006220160305001107
00040006220160305001108
00040006220160305001109
00040006220160305001110
00040006220160305001111
00040006220160305001112
00040006220160305001113
00040006220160305001114
00040006220160305001115
00040006220160305001116
00040006220160305001117
00040006220160305001118
00040006220160305001119
00040006220160305001120
00040006220160305001121
00040006220160305001122
00040006220160305001123
00040006220160305001124
00040006220160305001125
00040006220160305001126
00040006220160305001127
00040006220160305001128
00040006220160305001129
00040006220160305001130
00040006220160305001131
00040006220160305001132
00040006220160305001133
00040006220160305001134
00040006220160305001135
00040006220160305001136
00040006220160305001137
00040006220160305001138
00040006220160305001139
00040006220160305001140
00040006220160305001141
00040006220160305001142
00040006220160305001143
00040006220160305001144
00040006220160305001145
00040006220160305001146
00040006220160305001147
00040006220160305001148
00040006220160305001149
00040006220160305001150
00040006220160305001151
00040006220160305001152
00040006220160306001153
00040006220160306001154
00040006220160306001155
00040006220160306001156
00040006220160306001157
00040006220160306001159
00040006220160306001160
00040006220160306001161
00040006220160306001162
00040006220160306001163
00040006220160306001164
00040006220160306001165
00040006220160306001166
00040006220160306001167
00040006220160306001168
00040006220160306001169
00040006220160306001170
00040006220160306001171
00040006220160306001172
00040006220160306001173
00040006220160306001174
00040006220160306001175
00040006220160306001176
00040006220160306001177
00040006220160306001178
00040006220160306001179
00040006220160306001180
00040006220160306001181
00040006220160306001182
00040006220160306001183
00040006220160306001184
00040006220160306001185
00040006220160306001186
00040006220160306001187
00040006220160306001188
00040006220160306001189
00040006220160306001190
00040006220160306001191
00040006220160306001192
00040006220160306001193
00040006220160306001194
00040006220160306001195
00040006220160306001196
00040006220160306001197
00040006220160306001198
00040006220160306001199
00040006220160306001201
00040006220160306001202
00040006220160306001203
00040006220160306001204
00040006220160306001205
00040006220160306001206
00040006220160306001207
00040006220160306001208
00040006220160306001209
00040006220160306001210
00040006220160306001211
00040006220160306001212
00040006220160306001213
00040006220160306001214
00040006220160306001215
00040006220160306001216
00040006220160306001217
00040006220160306001218
00040006220160306001219
00040006220160306001220
00040006220160306001221
00040006220160306001222
00040006220160306001223
00040006220160306001224
00040006220160306001225
00040006220160306001226
00040006220160306001227
00040006220160306001228
00040006220160306001229
00040006220160306001230
00040006220160306001231
00040006220160306001232
00040006220160306001233
00040006220160306001234
00040006220160306001235
00040006220160306001236
00040006220160306001237
00040006220160306001238
00040006220160306001239
00040006220160306001240
00040006220160306001241
00040006220160306001242
00040006220160306001243
00040006220160306001244
00040006220160306001245
00040006220160307001246
00040006220160307001247
00040006220160307001248
00040006220160307001249
00040006220160307001250
00040006220160307001251
00040006220160307001252
00040006220160307001253
00040006220160307001254
00040006220160307001255
00040006220160307001256
00040006220160307001257
00040006220160307001258
00040006220160307001259
00040006220160307001260
00040006220160307001261
00040006220160307001262
00040006220160307001263
00040006220160307001264
00040006220160307001265
00040006220160307001266
00040006220160307001267
00040006220160307001268
00040006220160307001269
00040006220160307001270
00040006220160307001271
00040006220160307001272
00040006220160307001273
00040006220160307001274
00040006220160307001275
00040006220160307001276
00040006220160307001277
00040006220160307001278
00040006220160307001279
00040006220160307001280
00040006220160307001281
00040006220160307001282
00040006220160307001283
00040006220160307001284
00040006220160307001285
00040006220160307001286
00040006220160307001287
00040006220160307001288
00040006220160307001289
00040006220160307001290
00040006220160307001291
00040006220160307001292
00040006220160307001293
00040006220160307001294
00040006220160307001295
00040006220160307001296
00040006220160307001297
00040006220160307001298
00040006220160307001299
00040006220160307001300
00040006220160307001301
00040006220160307001302
00040006220160307001303
00040006220160307001304
00040006220160307001305
00040006220160307001306
00040006220160307001307
00040006220160307001308
00040006220160307001309
00040006220160307001310
00040006220160307001311
00040006220160307001312
00040006220160307001313
00040006220160307001314
00040006220160307001315
00040006220160307001316
00040006220160307001317
00040006220160307001318
00040006220160308001319
00040006220160308001320
00040006220160308001321
00040006220160308001322
00040006220160308001323
00040006220160308001324
00040006220160308001325
00040006220160308001326
00040006220160308001327
00040006220160308001328
00040006220160308001329
00040006220160308001330
00040006220160308001331
00040006220160308001332
00040006220160308001333
00040006220160308001334
00040006220160308001335
00040006220160308001336
00040006220160308001338
00040006220160308001339
00040006220160308001340
00040006220160308001341
00040006220160308001342
00040006220160308001343
00040006220160308001344
00040006220160308001345
00040006220160308001346
00040006220160308001347
00040006220160308001348
00040006220160308001349
00040006220160308001351
00040006220160308001353
00040006220160308001354
00040006220160308001355
00040006220160308001356
00040006220160308001357
00040006220160308001358
00040006220160308001359
00040006220160308001360
00040006220160308001361
00040006220160308001362
00040006220160308001363
00040006220160308001364
00040006220160308001365
00040006220160308001366
00040006220160308001367
00040006220160308001367_TH
00040006220160308001368
00040006220160308001369
00040006220160308001370
00040006220160308001371
00040006220160308001372
00040006220160308001373
00040006220160308001374
00040006220160308001375
00040006220160308001376
00040006220160308001377
00040006220160308001378
00040006220160308001379
00040006220160308001380
00040006220160308001381
00040006220160308001382
00040006220160308001383
00040006220160308001384
00040006220160308001385
00040006220160308001386
00040006220160308001387
00040006220160308001388
00040006220160308001390
00040006220160308001391
00040006220160308001392
00040006220160308001393
00040006220160308001394
00040006220160308001395
00040006220160308001396
00040006220160308001397
00040006220160308001398
00040006220160308001399
00040006220160308001400
00040006220160308001401
00040006220160308001402
00040006220160308001403
00040006220160308001404
00040006220160308001405
00040006220160308001406
00040006220160308001407
00040006220160308001408
00040006220160308001409
00040006220160308001410
00040006220160309001411
00040006220160309001412
0004026600040266120170210000001
0004026600040266120170210000002
0004026600040266120170210000003
0004026600040266120170210000004
0004026600040266120170210000005
0004026600040266120170210000006
0004026600040266120170210000007
0004026600040266120170210000008
0004026600040266120170210000009
0004026600040266120170210000010
0004026600040266120170210000011
0004026600040266120170210000012
0004026600040266120170210000013
0004026600040266120170210000014
0004026600040266120170210000015
0004026600040266120170210000016
0004026600040266120170210000017
0004026600040266120170210000018
0004026600040266120170210000019
0004026600040266120170211000020
0004026600040266120170211000021
0004026600040266120170211000022
0004026600040266120170211000023
0004026600040266120170211000024
0004026600040266120170211000025
0004026600040266120170211000026
0004026600040266120170211000027
0004026600040266120170211000028
0004026600040266120170211000029
0004026600040266120170211000030
0004026600040266120170211000031
0004026600040266120170211000032
0004026600040266120170211000033
0004026600040266120170211000034
0004026600040266120170211000035
0004026600040266120170211000036
0004026600040266120170211000037
0004026600040266120170211000038
0004026600040266120170211000039
0004026600040266120170212000040
0004026600040266120170212000041
0004026600040266120170212000042
0004026600040266120170212000043
0004026600040266120170212000044
0004026600040266120170212000045
0004026600040266120170212000047
0004026600040266120170212000048
0004026600040266120170212000049
0004026600040266120170212000050
0004026600040266120170212000051
0004026600040266120170212000052
0004026600040266120170212000053
0004026600040266120170212000055
0004026600040266120170212000056
0004026600040266120170212000057
0004026600040266120170213000060
0004026600040266120170213000061
0004026600040266120170213000062
0004026600040266120170213000063
0004026600040266120170213000066
0004026600040266120170213000068
0004026600040266120170213000069
0004026600040266120170213000070
0004026600040266120170213000071
0004026600040266120170213000072
0004026600040266120170213000075
0004026600040266120170213000077
0004026600040266120170213000079
0004026600040266120170214000080
0004026600040266120170214000081
0004026600040266120170214000082
0004026600040266120170214000083
0004026600040266120170214000085
0004026600040266120170214000087
0004026600040266120170214000091
0004026600040266120170214000092
0004026600040266120170214000093
0004026600040266120170214000095
0004026600040266120170214000096
0004026600040266120170214000097
0004026600040266120170214000098
0004026600040266120170214000099
0004026600040266120170214000100
0004026600040266120170214000101
0004026600040266120170214000103
0004026600040266120170214000107
0004026600040266120170214000108
0004026600040266120170214000110
0004026600040266120170214000115
0004026600040266120170215000116
0004026600040266120170215000119
0004026600040266120170215000120
0004026600040266120170215000123
0004026600040266120170215000124
0004026600040266120170215000125
0004026600040266120170215000126
0004026600040266120170215000127
0004026600040266120170215000128
0004026600040266120170215000129
0004026600040266120170215000130
0004026600040266120170215000131
0004026600040266120170215000132
0004026600040266120170215000133
0004026600040266120170215000134
0004026600040266120170215000136
0004026600040266120170215000137
0004026600040266120170215000138
0004026600040266120170215000139
0004026600040266120170215000140
0004026600040266120170215000141
0004026600040266120170216000142
0004026600040266120170216000144
0004026600040266120170216000145
0004026600040266120170216000146
0004026600040266120170216000147
0004026600040266120170216000148
0004026600040266120170216000149
0004026600040266120170216000150
0004026600040266120170216000151
0004026600040266120170216000152
0004026600040266120170216000153
0004026600040266120170216000154
0004026600040266120170216000155
0004026600040266120170216000156
0004026600040266120170216000157
0004026600040266120170216000158
0004026600040266120170216000159
0004026600040266120170216000160
0004026600040266120170216000161
0004026600040266120170216000162
0004026600040266120170217000164
0004026600040266120170217000165
0004026600040266120170217000166
0004026600040266120170217000168
0004026600040266120170217000169
0004026600040266120170217000170
0004026600040266120170217000171
0004026600040266120170217000172
0004026600040266120170217000173
0004026600040266120170217000174
0004026600040266120170217000175
0004026600040266120170217000176
0004026600040266120170217000177
0004026600040266120170217000178
0004026600040266120170217000179
0004026600040266120170217000180
0004026600040266120170217000181
0004026600040266120170217000182
0004026600040266120170217000183
0004026600040266120170217000184
0004026600040266120170217000185
0004026600040266120170217000186
0004026600040266120170218000188
0004026600040266120170218000189
0004026600040266120170218000190
0004026600040266120170218000191
0004026600040266120170218000192
0004026600040266120170218000193
0004026600040266120170218000194
0004026600040266120170218000195
0004026600040266120170218000196
0004026600040266120170218000197
0004026600040266120170218000199
0004026600040266120170218000200
0004026600040266120170218000201
0004026600040266120170218000202
0004026600040266120170218000203
0004026600040266120170218000204
0004026600040266120170218000205
0004026600040266120170218000206
0004026600040266120170218000207
0004026600040266120170218000208
0004026600040266120170218000210
0004026600040266120170218000211
0004026600040266120170218000212
0004026600040266120170218000213
0004026600040266120170218000214
0004026600040266120170218000215
0004026600040266120170218000216
0004026600040266120170218000217
0004026600040266120170218000218
0004026600040266120170218000219
0004026600040266120170218000220
0004026600040266120170218000221
0004026600040266120170218000222
0004026600040266120170218000223
0004026600040266120170218000224
0004026600040266120170218000225
0004026600040266120170218000226
0004026600040266120170218000227
0004026600040266120170218000228
0004026600040266120170218000229
0004026600040266120170218000231
0004026600040266120170218000232
0004026600040266120170218000233
0004026600040266120170218000234
0004026600040266120170218000235
0004026600040266120170218000236
0004026600040266120170218000237
0004026600040266120170218000238
0004026600040266120170218000239
0004026600040266120170218000242
0004026600040266120170218000244
0004026600040266120170218000246
0004026600040266120170218000250
0004026600040266120170219000251
0004026600040266120170219000252
0004026600040266120170219000253
0004026600040266120170219000254
0004026600040266120170219000255
0004026600040266120170219000256
0004026600040266120170219000257
0004026600040266120170219000258
0004026600040266120170219000259
0004026600040266120170219000260
0004026600040266120170219000261
0004026600040266120170219000262
0004026600040266120170219000263
0004026600040266120170219000264
0004026600040266120170219000265
0004026600040266120170219000266
0004026600040266120170219000267
0004026600040266120170219000268
0004026600040266120170219000269
0004026600040266120170219000270
0004026600040266120170219000271
0004026600040266120170219000272
0004026600040266120170219000273
0004026600040266120170219000274
0004026600040266120170219000275
0004026600040266120170219000276
0004026600040266120170219000277
0004026600040266120170219000278
0004026600040266120170219000280
0004026600040266120170219000281
0004026600040266120170219000282
0004026600040266120170219000283
0004026600040266120170219000284
0004026600040266120170220000285
0004026600040266120170220000286
0004026600040266120170220000287
0004026600040266120170220000288
0004026600040266120170220000289
0004026600040266120170220000290
0004026600040266120170220000291
0004026600040266120170220000292
0004026600040266120170220000293
0004026600040266120170220000294
0004026600040266120170220000295
0004026600040266120170220000296
0004026600040266120170220000297
0004026600040266120170220000298
0004026600040266120170220000299
0004026600040266120170220000300
0004026600040266120170220000301
0004026600040266120170220000302
0004026600040266120170220000303
0004026600040266120170220000304
0004026600040266120170220000305
0004026600040266120170220000306
0004026600040266120170220000307
0004026600040266120170220000308
0004026600040266120170220000309
0004026600040266120170220000310
0004026600040266120170220000311
0004026600040266120170220000312
0004026600040266120170220000313
0004026600040266120170220000315
0004026600040266120170220000316
0004026600040266120170220000318
0004026600040266120170220000319
0004026600040266120170220000325
0004026600040266120170220000326
0004026600040266120170220000327
0004026600040266120170220000328
0004026600040266120170220000329
0004026600040266120170220000330
0004026600040266120170220000331
0004026600040266120170220000332
0004026600040266120170220000333
0004026600040266120170221000335
0004026600040266120170221000336
0004026600040266120170221000337
0004026600040266120170221000338
0004026600040266120170221000339
0004026600040266120170221000340
0004026600040266120170221000341
0004026600040266120170221000342
0004026600040266120170221000343
0004026600040266120170221000344
0004026600040266120170221000345
0004026600040266120170221000346
0004026600040266120170221000347
0004026600040266120170221000348
0004026600040266120170221000349
0004026600040266120170221000350
0004026600040266120170221000351
0004026600040266120170221000352
0004026600040266120170221000353
0004026600040266120170221000354
0004026600040266120170221000355
0004026600040266120170221000356
0004026600040266120170221000357
0004026600040266120170221000358
0004026600040266120170221000359
0004026600040266120170221000362
0004026600040266120170221000365
0004026600040266120170221000367
0004026600040266120170221000368
0004026600040266120170221000369
0004026600040266120170221000370
0004026600040266120170221000371
0004026600040266120170221000372
0004026600040266120170221000373
0004026600040266120170221000375
0004026600040266120170221000378
0004026600040266120170221000379
0004026600040266120170221000380
0004026600040266120170221000381
0004026600040266120170221000382
0004026600040266120170221000384
0004026600040266120170221000385
0004026600040266120170221000386
0004026600040266120170221000387
0004026600040266120170221000388
0004026600040266120170222000390
0004026600040266120170222000391
0004026600040266120170222000392
0004026600040266120170222000393
0004026600040266120170222000394
0004026600040266120170222000395
0004026600040266120170222000396
0004026600040266120170222000397
0004026600040266120170222000398
0004026600040266120170222000399
0004026600040266120170222000400
0004026600040266120170222000401
0004026600040266120170222000402
0004026600040266120170222000403
0004026600040266120170222000405
0004026600040266120170222000406
0004026600040266120170222000407
0004026600040266120170222000408
0004026600040266120170222000409
0004026600040266120170222000410
0004026600040266120170222000411
0004026600040266120170222000412
0004026600040266120170222000413
0004026600040266120170222000414
0004026600040266120170222000415
0004026600040266120170222000416
0004026600040266120170222000417
0004026600040266120170222000419
0004026600040266120170222000421
0004026600040266120170222000422
0004026600040266120170222000424
0004026600040266120170222000425
0004026600040266120170222000426
0004026600040266120170222000427
0004026600040266120170222000428
0004026600040266120170222000430
0004026600040266120170222000431
0004026600040266120170222000432
0004026600040266120170222000433
0004026600040266120170223000434
0004026600040266120170223000435
0004026600040266120170223000436
0004026600040266120170223000437
0004026600040266120170223000438
0004026600040266120170223000439
0004026600040266120170223000440
0004026600040266120170223000441
0004026600040266120170223000442
0004026600040266120170223000443
0004026600040266120170223000444
0004026600040266120170223000445
0004026600040266120170223000446
0004026600040266120170223000447
0004026600040266120170223000448
0004026600040266120170223000449
0004026600040266120170223000450
0004026600040266120170223000451
0004026600040266120170223000452
0004026600040266120170223000453
0004026600040266120170223000454
0004026600040266120170223000455
0004026600040266120170223000456
0004026600040266120170223000457
0004026600040266120170223000458
0004026600040266120170223000459
0004026600040266120170223000460
0004026600040266120170223000461
0004026600040266120170223000462
0004026600040266120170223000464
0004026600040266120170223000465
0004026600040266120170223000466
0004026600040266120170223000467
0004026600040266120170223000468
0004026600040266120170223000469
0004026600040266120170223000470
0004026600040266120170223000471
0004026600040266120170223000472
0004026600040266120170223000473
0004026600040266120170223000474
0004026600040266120170223000475
0004026600040266120170223000476
0004026600040266120170223000477
0004026600040266120170223000479
0004026600040266120170223000480
0004026600040266120170224000481
0004026600040266120170224000482
0004026600040266120170224000483
0004026600040266120170224000484
0004026600040266120170224000485
0004026600040266120170224000486
0004026600040266120170224000487
0004026600040266120170224000488
0004026600040266120170224000489
0004026600040266120170224000490
0004026600040266120170224000491
0004026600040266120170224000492
0004026600040266120170224000493
0004026600040266120170224000494
0004026600040266120170224000495
0004026600040266120170224000496
0004026600040266120170224000497
0004026600040266120170224000498
0004026600040266120170224000499
0004026600040266120170224000500
0004026600040266120170224000501
0004026600040266120170224000502
0004026600040266120170224000503
0004026600040266120170224000504
0004026600040266120170224000505
0004026600040266120170224000506
0004026600040266120170224000508
0004026600040266120170224000509
0004026600040266120170224000510
0004026600040266120170224000511
0004026600040266120170224000512
0004026600040266120170224000513
0004026600040266120170224000514
0004026600040266120170224000515
0004026600040266120170224000516
0004026600040266120170224000517
0004026600040266120170225000518
0004026600040266120170225000519
0004026600040266120170225000520
0004026600040266120170225000521
0004026600040266120170225000522
0004026600040266120170225000523
0004026600040266120170225000524
0004026600040266120170225000525
0004026600040266120170225000526
0004026600040266120170225000527
0004026600040266120170225000528
0004026600040266120170225000529
0004026600040266120170225000530
0004026600040266120170225000531
0004026600040266120170225000532
0004026600040266120170225000533
0004026600040266120170225000535
0004026600040266120170225000536
0004026600040266120170225000537
0004026600040266120170225000538
0004026600040266120170225000539
0004026600040266120170225000540
0004026600040266120170225000541
0004026600040266120170225000542
0004026600040266120170225000544
0004026600040266120170225000545
0004026600040266120170225000547
0004026600040266120170225000548
0004026600040266120170225000550
0004026600040266120170225000554
0004026600040266120170225000555
0004026600040266120170225000557
0004026600040266120170225000558
0004026600040266120170226000559
0004026600040266120170226000560
0004026600040266120170226000561
0004026600040266120170226000562
0004026600040266120170226000563
0004026600040266120170226000564
0004026600040266120170226000565
0004026600040266120170226000566
0004026600040266120170226000567
0004026600040266120170226000568
0004026600040266120170226000569
0004026600040266120170226000571
0004026600040266120170226000574
0004026600040266120170226000575
0004026600040266120170226000576
0004026600040266120170226000577
0004026600040266120170226000578
0004026600040266120170226000579
0004026600040266120170226000580
0004026600040266120170226000582
0004026600040266120170226000583
0004026600040266120170226000584
0004026600040266120170226000588
0004026600040266120170226000589
0004026600040266120170226000591
0004026600040266120170226000592
0004026600040266120170226000594
0004026600040266120170226000595
0004026600040266120170226000596
0004026600040266120170226000597
0004026600040266120170226000598
0004026600040266120170226000599
0004026600040266120170226000600
0004026600040266120170226000601
0004026600040266120170226000602
0004026600040266120170226000603
0004026600040266120170226000604
0004026600040266120170226000605
0004026600040266120170226000609
0004026600040266120170226000610
0004026600040266120170226000611
0004026600040266120170226000612
0004026600040266120170226000613
0004026600040266120170226000614
0004026600040266120170227000615
0004026600040266120170227000616
0004026600040266120170227000617
0004026600040266120170227000619
0004026600040266120170227000620
0004026600040266120170227000621
0004026600040266120170227000622
0004026600040266120170227000623
0004026600040266120170227000624
0004026600040266120170227000625
0004026600040266120170227000626
0004026600040266120170227000627
0004026600040266120170227000628
0004026600040266120170227000629
0004026600040266120170227000630
0004026600040266120170227000631
0004026600040266120170227000632
0004026600040266120170227000638
0004026600040266120170227000639
0004026600040266120170227000640
0004026600040266120170227000641
0004026600040266120170227000642
0004026600040266120170227000643
0004026600040266120170227000644
0004026600040266120170227000646
0004026600040266120170227000650
0004026600040266120170227000653
0004026600040266120170227000656
0004026600040266120170227000657
0004026600040266120170227000659
0004026600040266120170227000660
0004026600040266120170227000661
0004026600040266120170227000662
0004026600040266120170227000663
0004026600040266120170227000669
0004026600040266120170227000670
0004026600040266120170227000672
0004026600040266120170227000676
0004026600040266120170227000681
0004026600040266120170227000682
0004026600040266120170228000684
0004026600040266120170228000685
0004026600040266120170228000686
0004026600040266120170228000687
0004026600040266120170228000688
0004026600040266120170228000689
0004026600040266120170228000690
0004026600040266120170228000691
0004026600040266120170228000692
0004026600040266120170228000696
0004026600040266120170228000697
0004026600040266120170228000709
0004026600040266120170228000711
0004026600040266120170228000712
0004026600040266120170228000713
0004026600040266120170228000714
0004026600040266120170228000715
0004026600040266120170228000716
0004026600040266120170228000717
0004026600040266120170228000718
0004026600040266120170228000719
0004026600040266120170228000720
0004026600040266120170228000721
0004026600040266120170228000722
0004026600040266120170228000723
0004026600040266120170228000725
0004026600040266120170228000728
0004026600040266120170228000729
0004026600040266120170228000730
0004026600040266120170228000732
0004026600040266120170228000737
0004026600040266120170228000740
0004026600040266120170228000741
0004026600040266120170228000747
0004026600040266120170228000748
0004026600040266120170228000752
0004026600040266120170228000759
0004026600040266120170228000760
0004026600040266120170301000766
0004026600040266120170301000767
0004026600040266120170301000768
0004026600040266120170301000769
0004026600040266120170301000770
0004026600040266120170301000771
0004026600040266120170301000772
0004026600040266120170301000773
0004026600040266120170301000774
0004026600040266120170301000775
0004026600040266120170301000776
0004026600040266120170301000777
0004026600040266120170301000778
0004026600040266120170301000779
0004026600040266120170301000780
0004026600040266120170301000781
0004026600040266120170301000782
0004026600040266120170301000783
0004026600040266120170301000784
0004026600040266120170301000785
0004026600040266120170301000786
0004026600040266120170301000788
0004026600040266120170301000789
0004026600040266120170301000792
0004026600040266120170301000793
0004026600040266120170301000795
0004026600040266120170301000798
0004026600040266120170301000799
0004026600040266120170301000800
0004026600040266120170301000801
0004026600040266120170301000804
0004026600040266120170301000805
0004026600040266120170301000806
0004026600040266120170301000808
0004026600040266120170301000809
0004026600040266120170301000812
0004026600040266120170301000813
0004026600040266120170301000817
0004026600040266120170301000819
0004026600040266120170301000820
0004026600040266120170301000822
0004026600040266120170301000823
0004026600040266120170301000826
0004026600040266120170301000827
0004026600040266120170301000830
0004026600040266120170301000831
0004026600040266120170301000834
0004026600040266120170301000841
0004026600040266120170301000842
0004026600040266120170301000843
0004026600040266120170302000844
0004026600040266120170302000845
0004026600040266120170302000846
0004026600040266120170302000847
0004026600040266120170302000848
0004026600040266120170302000849
0004026600040266120170302000850
0004026600040266120170302000851
0004026600040266120170302000852
0004026600040266120170302000853
0004026600040266120170302000854
0004026600040266120170302000855
0004026600040266120170302000856
0004026600040266120170302000857
0004026600040266120170302000858
0004026600040266120170302000859
0004026600040266120170302000860
0004026600040266120170302000861
0004026600040266120170302000862
0004026600040266120170302000863
0004026600040266120170302000865
0004026600040266120170302000870
0004026600040266120170302000871
0004026600040266120170302000872
0004026600040266120170302000873
0004026600040266120170302000874
0004026600040266120170302000875
0004026600040266120170302000877
0004026600040266120170302000878
0004026600040266120170302000880
0004026600040266120170302000881
0004026600040266120170302000882
0004026600040266120170302000883
0004026600040266120170302000884
0004026600040266120170302000885
0004026600040266120170302000887
0004026600040266120170302000893
0004026600040266120170302000894
0004026600040266120170302000899
0004026600040266120170302000901
0004026600040266120170303000902
0004026600040266120170303000903
0004026600040266120170303000904
0004026600040266120170303000905
0004026600040266120170303000906
0004026600040266120170303000907
0004026600040266120170303000908
0004026600040266120170303000909
0004026600040266120170303000910
0004026600040266120170303000921
0004026600040266120170303000923
0004026600040266120170303000927
0004026600040266120170303000934
0004026600040266120170303000935
0004026600040266120170303000936
0004026600040266120170303000938
0004026600040266120170303000939
0004026600040266120170303000940
0004026600040266120170303000941
0004026600040266120170303000942
0004026600040266120170303000943
0004026600040266120170303000944
0004026600040266120170303000945
0004026600040266120170303000946
0004026600040266120170303000947
00080002120160301000021
00080002120160301000022
00080002120160301000023
00080002120160301000024
00080002120160302000025
00080002120160302000026
00080002120160302000027
00080002120160302000028
00080002120160303000029
00080002120160303000030
00080002120160303000031
00080002120160303000032
00080002120160303000033
00080002120160303000034
00080002120160303000035
00080002120160303000036
00080002120160303000037
00080002120160303000038
00080002120160303000039
00080002120160304000040
00080002120160304000041
00080002120160304000042
00080002120160304000043
00080002120160304000044
00080002120160305000045
00080002120160305000046
00080002120160305000047
00080002120160305000048
00080002120160305000049
00080002120160305000050
00080002120160305000051
00080002120160305000052
00080002120160305000053
00080002120160305000054
00080002120160306000055
00080002120160306000056
00080002120160306000057
00080002120160306000058
00080002120160306000060
00080002120160306000061
00080002120160306000062
00080002120160306000063
00080002120160306000064
00080002120160306000065
00080002120160307000067
00080002120160307000068
00080002120160307000069
00080002120160307000070
00080002120160307000071
00080002120160307000072
00080002120160307000073
00080002120160307000074
00080002120160307000075
00080002120160307000076
00080002120160307000077
00080002120160307000078
00080002120160307000079
00080002120160308000080
00080002120160308000081
00080002120160308000082
00080002120160308000083
00080002120160308000084
00080002120160308000085
00080002120160308000086
00080002120160308000087
00080002120160308000088
00080002120160308000089
00080002120160308000090
00080002120160308000091
03010893220160301001766
03010893220160301001767
03010893220160301001768
03010893220160301001769
03010893220160301001770
03010893220160301001771
03010893220160301001772
03010893220160301001774
03010893220160301001775
03010893220160301001776
03010893220160301001778
03010893220160301001779
03010893220160301001780
03010893220160301001781
03010893220160301001782
03010893220160301001783
03010893220160301001784
03010893220160301001785
03010893220160301001786
03010893220160301001787
03010893220160301001788
03010893220160301001789
03010893220160301001790
03010893220160301001791
03010893220160301001792
03010893220160301001793
03010893220160301001794
03010893220160301001795
03010893220160301001796
03010893220160301001797
03010893220160302001798
03010893220160302001799
03010893220160302001800
03010893220160302001801
03010893220160302001802
03010893220160302001803
03010893220160302001804
03010893220160302001805
03010893220160302001806
03010893220160302001807
03010893220160302001808
03010893220160302001810
03010893220160302001811
03010893220160302001812
03010893220160302001813
03010893220160302001814
03010893220160302001815
03010893220160302001816
03010893220160302001817
03010893220160302001818
03010893220160302001819
03010893220160302001820
03010893220160302001821
03010893220160302001822
03010893220160302001823
03010893220160302001824
03010893220160302001825
03010893220160302001826
03010893220160302001827
03010893220160302001829
03010893220160302001830
03010893220160302001831
03010893220160302001832
03010893220160302001833
03010893220160302001834
03010893220160302001835
03010893220160302001836
03010893220160302001837
03010893220160302001838
03010893220160302001839
03010893220160302001840
03010893220160302001841
03010893220160302001842
03010893220160302001843
03010893220160302001844
03010893220160302001845
03010893220160302001846
03010893220160303001847
03010893220160303001850
03010893220160303001851
03010893220160303001852
03010893220160303001853
03010893220160303001854
03010893220160303001855
03010893220160303001856
03010893220160303001857
03010893220160303001858
03010893220160303001859
03010893220160303001860
03010893220160303001861
03010893220160303001862
03010893220160303001863
03010893220160303001864
03010893220160303001867
03010893220160303001868
03010893220160303001869
03010893220160303001870
03010893220160303001871
03010893220160303001872
03010893220160303001873
03010893220160303001874
03010893220160303001875
03010893220160303001876
03010893220160303001877
03010893220160303001878
03010893220160303001879
03010893220160303001880
03010893220160303001881
03010893220160303001882
03010893220160304001883
03010893220160304001884
03010893220160304001885
03010893220160304001886
03010893220160304001887
03010893220160304001888
03010893220160304001889
03010893220160304001890
03010893220160304001891
03010893220160304001893
03010893220160304001894
03010893220160304001895
03010893220160304001896
03010893220160304001897
03010893220160304001898
03010893220160304001899
03010893220160304001900
03010893220160304001901
03010893220160304001902
03010893220160304001903
03010893220160304001904
03010893220160304001905
03010893220160304001906
03010893220160304001907
03010893220160304001908
03010893220160304001909
03010893220160304001910
03010893220160304001911
03010893220160304001913
03010893220160304001914
03010893220160304001915
03010893220160304001916
03010893220160304001919
03010893220160304001920
03010893220160304001921
03010893220160304001922
03010893220160304001923
03010893220160304001924
03010893220160304001925
03010893220160304001926
03010893220160304001927
03010893220160304001928
03010893220160304001930
03010893220160304001931
03010893220160304001932
03010893220160304001932_TH
03010893220160304001933
03010893220160304001934
03010893220160304001935
03010893220160304001936
03010893220160304001937
03010893220160304001938
03010893220160305001939
03010893220160305001940
03010893220160305001941
03010893220160305001942
03010893220160305001943
03010893220160305001944
03010893220160305001945
03010893220160305001946
03010893220160305001947
03010893220160305001948
03010893220160305001949
03010893220160305001950
03010893220160305001951
03010893220160305001952
03010893220160305001953
03010893220160305001954
03010893220160305001955
03010893220160305001956
03010893220160305001957
03010893220160305001958
03010893220160305001959
03010893220160305001960
03010893220160305001961
03010893220160305001962
03010893220160305001963
03010893220160305001964
03010893220160305001966
03010893220160305001967
03010893220160305001968
03010893220160305001969
03010893220160305001970
03010893220160305001971
03010893220160305001972
03010893220160305001973
03010893220160305001974
03010893220160305001975
03010893220160305001976
03010893220160305001977
03010893220160305001978
03010893220160306001979
03010893220160306001980
03010893220160306001981
03010893220160306001982
03010893220160306001983
03010893220160306001984
03010893220160306001985
03010893220160306001986
03010893220160306001988
03010893220160306001989
03010893220160306001990
03010893220160306001991
03010893220160306001992
03010893220160306001993
03010893220160306001994
03010893220160306001995
03010893220160306001996
03010893220160306001997
03010893220160306002000
03010893220160306002001
03010893220160306002004
03010893220160306002005
03010893220160306002006
03010893220160306002007
03010893220160306002008
03010893220160306002009
03010893220160306002010
03010893220160306002011
03010893220160307002013
03010893220160307002015
03010893220160307002016
03010893220160307002017
03010893220160307002018
03010893220160307002019
03010893220160307002020
03010893220160307002021
03010893220160307002022
03010893220160307002023
03010893220160307002024
03010893220160307002025
03010893220160307002029
03010893220160307002031
03010893220160307002034
03010893220160307002035
03010893220160307002036
03010893220160307002038
03010893220160307002039
03010893220160307002040
03010893220160307002041
03010893220160307002042
03010893220160307002043
03010893220160307002044
03010893220160307002045
03010893220160307002046
03010893220160307002047
03010893220160307002048
03010893220160307002049
03010893220160307002050
03010893220160307002051
03010893220160307002052
03010893220160307002053
03010893220160307002054
03010893220160307002055
03010893220160307002056
03010893220160308002057
03010893220160308002058
03010893220160308002059
03010893220160308002060
03010893220160308002061
03010893220160308002063
03010893220160308002064
03010893220160308002065
03010893220160308002067
03010893220160308002069
03010893220160308002070
03010893220160308002071
03010893220160308002072
03010893220160308002073
03010893220160308002074
03010893220160308002075
03010893220160308002076
03010893220160308002077
03010893220160308002078
03010893220160308002079
03010893220160308002080
03010893220160308002081
03010893220160308002082
03010893220160308002083
03010893220160308002084
03010893220160308002086
03010893220160308002087
03010893220160308002088
03010893220160308002089
03010893220160308002090
03010893220160308002091
03010893220160308002092
03010893220160308002093
03010893220160308002094
03010893220160308002095
03010893220160308002096
03010893220160308002098
03010893220160308002099
03010893220160308002100
03010893220160308002101
03010893220160308002102
03010893220160308002103
03010893220160308002104
03010893220160308002105
03010893220160308002106
03010893220160308002107
03010893220160308002108
03010893220160308002109
03010893220160308002110
03010893220160309002111
03010893220160309002112
03010893220160309002113
03010893220160309002114
03010893220160309002116
03010893220160309002117
03010893220160309002118
